5
4
4
4
4
4
4
4
4
4
5
5
3
4
4
4
4
3
4
4
4
4
4
5
5
4
4
4
4
5
4
4
4
5
4
4
4
5
4
4
4
4
4
4
4
3
4
4
4
4
4
3
4
4
4
4
4
4
4
4
4
4
4
4
4
4
3
4
4
4
4
4
5
3
4
4
4
4
3
4
5
4
4
4
4
4
4
4
5
4
4
4
4
4
2
2
2
2
2
2
-997
2
3
3
2
2
2
2
3
2
2
3
2
2
2
2
2
3
2
2
2
1
2
3
4
4
4
4
3
4
2
2
2
2
2
2
2
2
2
4
2
4
2
57
4
4
4
4
4
4
4
4
4
4
4
4
4
4
4
4
4
4
4
4
4
4
3
4
4
4
4
4
4
4
4
4
3
4
4
4
4
4
4
4
4
4
4
4
4
4
4
4
4
4
4
4
4
4
4
4
4
4
5
4
4
3
4
4
4
4
4
4
4
4
4
4
4
4
4
4
3
4
4
4
4
4
4
4
4
4
3
4
4
4
4
4
3
4
4
4
4
4
4
4
4
4
4
4
4
4
4
4
4
4
4
4
4
4
4
4
4
4
4
4
4
3
4
4
4
4
4
4
4
4
4
4
3
4
4
3
4
4
4
4
4
4
4
4
4
4
4
4
4
5
4
4
4
4
4
4
3
4
5
4
4
4
4
4
4
4
4
4
4
4
4
4
4
4
4
3
3
4
4
4
4
4
4
4
4
4
4
4
4
4
6
4
5
4
4
4
4
3
4
4
6
4
4
4
4
4
4
4
4
4
4
4
4
4
4
4
4
4
3
4
4
4
4
4
4
4
4
3
4
4
4
4
4
4
4
4
4
4
3
4
4
4
5
4
4
4
4
4
4
4
4
4
4
4
4
4
4
4
4
4
4
4
5
4
4
4
4
4
4
4
4
4
4
4
4
4
4
4
4
4
4
4
4
5
4
3
4
4
4
4
4
4
10
4
9
10
4
4
11
4
4
8
4
4
4
4
4
5
4
4
4
4
4
4
5
2
4
4
4
4
4
4
4
4
4
4
4
3
4
4
4
4
4
4
4
8
4
4
4
4
4
4
4
4
4
4
4
4
4
19
4
19
17
4
10
4
21
4
16
4
4
4
10
16
4
4
4
4
4
4
4
4
4
4
4
4
4
4
4
4
4
3
4
4
4
4
4
4
4
3
4
4
4
4
4
3
4
4
5
4
4
5
4
4
4
4
4
3
4
4
4
4
4
4
4
4
4
4
4
6
5
4
4
3
4
4
4
5
4
4
4
4
4
4
5
4
4
4
4
4
4
4
4
4
3
4
4
4
4
4
4
4
4
4
3
4
4
4
4
5
4
4
4
4
4
4
4
4
4
4
4
4
4
4
3
4
4
4
4
4
4
4
4
4
4
4
4
4
4
4
4
4
4
4
4
4
5
4
4
4
4
4
4
4
4
4
4
4
4
4
4
4
4
4
4
4
5
5
4
61
4
4
3
4
4
5
4
4
4
4
4
4
4
4
4
4
4
4
4
3
11
4
4
4
4
4
4
4
4
4
4
4
5
4
4
4
2
2
2
3
2
2
4
5
5
4
4
4
16
4
4
4
7
4
4
4
4
4
4
4
4
16
4
4
4
4
4
4
4
4
4
4
5
4
4
4
4
4
4
3
4
3
3
4
3
5
4
3
4
4
4
4
4
4
4
4
4
4
4
4
4
4
4
4
4
4
4
4
4
4
4
4
4
4
4
4
4
4
4
4
4
4
4
4
4
4
4
5
4
4
4
4
4
4
4
4
4
4
4
4
4
4
4
4
4
4
4
4
4
4
4
4
4
4
4
4
4
3
4
5
4
4
4
4
4
4
4
4
4
4
4
4
4
4
4
4
3
4
4
4
4
4
5
4
4
4
4
4
4
4
4
4
4
4
4
4
4
4
4
4
5
4
4
4
4
4
4
4
4
4
4
4
4
4
4
9
4
3
4
4
4
3
4
4
4
4
4
4
15
4
4
4
4
4
6
4
4
13
4
4
4
4
4
4
4
4
4
3
4
4
4
4
4
4
4
4
4
4
5
4
4
4
4
4
4
4
4
4
4
3
4
4
3
4
4
4
4
4
4
4
4
4
4
4
4
4
4
4
4
4
4
4
4
3
2
4
4
4
4
4
4
5
4
4
4
4
4
4
4
4
4
4
4
4
-995
4
4
4
4
4
4
4
4
4
4
4
4
4
4
4
4
4
4
4
4
4
