33
4
4
5
4
4
4
5
4
5
5
4
4
4
4
5
4
4
4
4
4
4
4
5
4
3
5
4
4
4
4
4
4
5
4
4
4
5
4
4
4
4
4
4
4
4
4
5
4
5
4
4
4
4
3
4
4
4
4
4
3
4
4
4
3
4
4
4
4
4
4
4
4
4
4
4
4
4
4
4
4
4
4
4
4
32
4
4
4
4
3
4
4
4
5
2
2
2
2
2
2
2
3
3
2
2
2
2
3
2
2
3
2
2
2
2
2
3
2
2
2
2
2
2
4
4
5
4
3
4
2
2
2
2
2
2
2
2
2
3
3
4
4
2
4
5
4
4
4
4
4
4
4
4
4
4
-995
4
4
4
3
4
4
4
4
4
4
4
4
3
4
4
4
4
4
4
4
3
3
4
4
4
4
4
4
4
4
4
3
3
4
4
4
4
4
4
4
4
4
4
4
4
4
4
4
4
4
4
4
4
4
4
4
5
4
4
4
4
4
4
4
3
5
4
4
4
4
4
4
4
4
3
3
4
4
4
3
3
4
4
4
4
4
4
4
4
4
4
4
-995
5
4
4
4
4
5
4
4
4
4
4
4
4
4
4
4
4
4
4
4
4
4
4
4
4
4
4
4
4
4
4
4
4
4
4
4
4
4
4
5
4
4
4
4
4
4
4
5
3
4
3
4
4
4
5
4
4
4
4
4
4
3
4
4
4
3
4
4
4
4
4
4
4
4
4
4
4
3
3
4
4
3
4
4
5
3
4
4
5
4
3
4
4
4
4
4
4
4
4
4
4
4
4
4
4
4
4
3
4
6
4
4
4
4
4
4
4
4
4
4
4
4
4
4
4
4
3
4
4
5
4
4
4
4
4
4
-995
3
4
4
4
4
4
4
4
4
4
4
5
4
4
4
4
4
4
4
4
4
4
4
4
4
4
4
4
4
4
44
4
4
4
4
4
4
5
4
4
5
3
4
3
4
4
4
7
4
8
4
11
6
4
4
4
4
4
5
4
4
4
4
4
4
3
4
4
3
4
4
41
4
3
4
4
4
4
4
4
5
4
4
4
3
4
9
4
4
3
4
4
10
4
4
4
4
3
4
4
4
8
4
4
4
4
21
4
24
79
4
12
4
14
4
14
4
4
4
13
17
4
8
4
4
4
4
5
4
4
4
4
3
5
4
4
4
4
2
3
4
4
4
4
4
4
4
4
4
4
4
4
4
4
4
5
5
4
4
4
4
4
4
4
4
5
4
3
4
4
4
4
4
5
4
4
5
5
4
5
4
4
4
4
4
4
4
4
3
4
4
5
4
4
4
4
4
4
4
4
4
4
4
4
4
4
4
3
3
5
4
4
4
4
4
4
5
4
4
4
4
3
4
4
4
4
4
4
4
3
4
4
4
4
38
4
3
4
4
4
4
4
3
4
4
4
-995
4
4
4
4
4
4
4
4
4
4
4
4
4
4
4
4
4
4
4
4
4
3
4
4
4
4
5
4
4
4
4
4
4
4
4
5
4
4
4
4
4
4
3
4
6
4
4
4
4
3
11
4
4
4
4
4
4
4
4
4
4
4
4
4
4
5
2
2
2
2
2
2
4
4
45
4
4
3
12
4
4
4
20
-995
4
4
4
4
4
4
3
35
4
4
4
4
4
4
3
4
4
4
5
3
4
4
4
4
4
4
4
4
3
4
3
5
4
4
4
4
3
4
9
4
4
4
4
4
4
4
4
4
4
4
4
4
4
4
3
4
4
4
4
4
4
4
4
4
4
4
5
5
4
4
4
4
4
50
4
4
4
4
4
5
4
5
4
4
-995
4
4
4
5
4
4
4
4
4
4
5
4
4
4
4
3
4
3
4
4
4
4
4
4
4
4
5
4
4
3
4
4
4
4
4
4
4
4
4
4
4
4
4
5
-995
4
4
4
4
4
4
4
4
4
4
5
4
4
4
4
4
5
4
4
4
5
4
4
4
4
4
4
4
4
4
4
16
3
3
4
4
3
4
4
4
4
4
4
4
13
4
4
4
4
4
11
4
4
10
4
4
5
5
4
4
6
4
4
4
4
5
4
4
4
4
4
4
4
4
4
4
4
5
4
4
4
4
4
4
4
4
5
3
4
4
4
4
3
3
4
4
4
4
4
4
4
3
4
5
4
3
4
4
4
4
3
3
4
4
4
4
4
4
4
4
4
4
4
4
4
5
4
4
5
4
4
4
4
4
4
4
4
4
4
4
4
4
4
4
4
4
4
4
4
4
5
4
